1960804650
8932096539
6281611583
2366575496
5137084529
8101432097
1117223674
6365543121
4753105314
5511459950
5633994524
0485178411
2187169234
0808653012
6925483973
1894667180
9429812305
4897988047
5073411259
0055644642
3580336941
3023719464
8189370946
4186933561
7522692231
7978979698
1970468539
7047045107
7428353969
0686706879
6025945221
3456836681
5613669662
8083638992
4167061688
9303610573
2607587004
9388235827
9587646244
2431433262
4311423092
7969489730
5647872441
4106650342
0598219691
6878204318
3236042762
3394575040
2775214573
2093674144
0791350502
4755205316
7032111389
5680398151
2384540486
3869444977
0788048035
1158173728
7378905910
1882748214
7676320309
6273726441
8002445418
2951532678
7762140879
1868811918
3981192257
8244752374
4984195934
9589462478
2829529300
0714213638
7903304955
2674948269
5105563947
4817386972
5109800450
6650209189
2142880226
0936827047
1233384214
0179400130
9038125852
6039520691
7366219788
4311430023
7353438992
3565503511
9217608376
3459789080
6059936221
0365450622
0544407229
2219015027
1715306922
6685277439
4804267666
9796548714
3804018099
6885821596
7310220594
6220180759
9867891074
5495345171
0735636800
9387328745
6308758073
0972395225
1726414367
0660146779
9905113092
1663576588
0169061581
4806231922
5976465771
7524074923
3222099762
7541620367
7219159142
2738358887
1110263591
9039213557
5820678185
2909829459
2608216159
5894329499
8673824201
3838173234
5330720171
7155213558
3638001812
0663263174
0574457749
9094653546
5862912880
5649909003
1814753014
9156808469
4024175243
6084958076
7039903177
0336968346
5886984138
9338201428
2554269210
4970127037
3610988111
0003142027
6795176750
2075677673